10210010020010012
1201110010020012
111110010010011
1001110010010012
10001101110011
111001100000012
1110010010010012
10210010000010012
10010010010010012
10010000010010212
111110010010012
12010010010010012
11111210010012
111000001100011
1120010010010011
10020010020010011
120211002110011
1001110010010011
10010010010010012
100101001110012
1002001000110011
10010010000010012
1001110010210211
1100020000010012
100111021110011
10010010010010211
10000010010220212
100011001110012
1001000000001112
1001001120010011
1001110000010012
1021110010210011
1101100010210211
10010010010010012
11011001002112
10011111001112
1110020010210011
1111101001111
1111111012012
100100001022112
100111021010211
10011011001112
1002001120010012
111001002110011
1001002002002111
101110010012011
1001021001110011
1021001010010212
1021110010010011
12010020010010011
11111000110011
1110010020010011
1110010010000012
101110210010012
1001110000010011
1100010210010012
12010010010210011
100111002110011
111001010210012
10010010010010011
1110010010000011
1201110010010011
10010010010010011
1001110010010011
1001001001110011
10010012010000012
10010010210010012
100101110010011
111001201120012
10010010010010012
112110010010011
1010010020010012
112001001010012
112001001010011
100111110020011
100111002110012
100111001010011
1001110010210011
10010010010010012
111001002110011
1001002002002111
111110010010012
1120010020010012
111001001001111
1001001200020012
12100211110011
1001110020010011
10010010010220212
100201210010011
10010010010010011
111110010010211
1001110210000011
111110210010012
111001210212011
1001001001110012
1110010010000012
1002010010010011
1001001001110012
1001001001001111
100100111110011
111110010220011
1001110011112
10010012020010012
1201110010010012
100111001110011
1001110010010012
112001000100012
102101001110011
10111022110012
101001002110211
11111002112012
111001120010012
1002100010010011
1001110010010012
10010010020010011
111110010010011
111001110010011
1001110010010011
101001001110011
1110010010010012
10010012010010012
111100010012012
1110010010210012
111001010210011
11111110010011
100111001021112
11111001100011
100111010210012
1001110020010012
1110010010000012
111000002110012
111110010010011
11111000110011
120110010010011
10010020010010012
10010010020010012
120120010010012
111001110012012
111110010010012
10010010010010011
112110010010012
111001001010012
111110010010011
111110010010012
11111002112012
1001010010010012
111110010010012
11211001110012
10010012010010012
10010012010010012
111110020010011
111110010010012
111110010010012
102111001110011
1201110010000011
111001002110011
111001001110211
1001110010210011
111110010012011
1021201001110012
100111110000211
100112210000011
111001001001112
110110020010011
11100101001112
10010010010010012
11211001001111
100111110010012
10010010220010012
1001110010010012
1110010000010011
10010010010210012
111001010210011
111001001002211
100100111210012
1001120000010011
120111001001111
112001002110011
1001110020010011
111001010010211
1001001001110011
111110010010012
11001001001201111
1001001001110012
102111002110012
100012001020112
11111210210011
11111001112011
111110010000012
111001002110011
100100221110012
1021110010010012
111001001110012
111110010010011
1001001001110011
111110010000011
100111000021111
12010010010010012
1021110000010012
111201110210011
100111021001211
100100111110011
1200110010020011
1021110010010012
10210012010010012
10010010220010012
12111001110012
1110010210000012
1201001001001112
1001110010210011
111201201110012
1110010010010012
111001100010012
1001110020010011
1110010210210012
111110010010011
12010010010210212
10010010010010012
100100100111111
1100012010010011
112001002110011
111001001110011
10010010010010012
10010010220010012
11100000200100211
100210000210010012
1022110010010012
111001001110011
1001001110010011
111001100010012
1021110010210012
111001001112011
10220010010010012
10010010010010012
11101001110011
1110210010010011
1001001002110011
1001110010010012
10111001110011
1002110020010011
10021111201112
1010010010010012
10010010000010011
10010210010010012
111110020010011
1001001020111011
1110010010010012
11100111010012
111110010010011
111001110010012
1001001001110212
100110201010011
1021110010020012
1201110010010011
11011021110012
1201110210010012
100111001210012
1201001010010012
1001001000110012
1001110010010011
1001001110020211
11011110010011
10010010010010012
1001110010010011
100111000110011
1110010010020012
11111001110011
111100000210212
1000001002112012
111110010210012
1001001201110011
1001001000110011
1120000010010211
111001001112012
100210001010011
1021001210000012
1001110210010012
10010010010010011
1110010010210011
1100010010010011
100100121110012
11211201210011
1001001001001112
10010010210010012
11111001110012
111001001110011
11121001110011
110001002110012
100111001110012
111201001120012
100111201001011
10010010200010011
100111001110211
1112010020010012
111110000010012
111002210010011
10000010210010012
1111110010000011
1001110210020012
1110010010020012
1001001001010012
1001001021001211
10010010010010211
1001110010010012
111001201110011
111001100010012
111110020010011
1001110210010211
10000010010010012
10010010010010011
1001001001110011
111000001110011
102100111110012
111001002110011
10010000010010012
111001110010011
1001001002110011
1000001110012011
100111002110011
1110010010010011
100111001110012
10010010020010012
111000010010011
1001110010000011
10010010020010011
100110001110012
1001110010010011
10010010010010011
120001002110012
1001110010010012
1120010210010012
1001110000000011
100111001001112
100101001002112
1001001120010011
100001201010012
1001001201110012
111001002110011
1110010010010011
11011110010011
111021201110011
12010010000010012
111001001110211
1110010010010012
111001100010012
10010010010010012
111210010210011
1021001110010012
1001110010010011
1110010010010011
10011100211111
1001110010210011
100102001100011
1001110010010012
11111021110012
111001001110012
1110010210010012
10011101110011
1001001110010011
11110000110011
11101100010011
10020000010010012
10010010010020212
1002001002110011
1110010000010012
111110010012011
1001001100010011
1001110010020012
111001110010012
12010000010010011
1110010010010011
111001001110012
1000100010010011
1001001110000012
1110010010010011
1010010010012012
1021001001110011
10010010010210012
1001110010010011
111001001110012
1001001001110012
1001110010010012
111001002110012
1001001001110211
1001001110010011
10010020010012011
111001001210012
111001100010012
1001110010210011
1110010010010011
111001001110011
1110010010010011
11100110110012
111001001110211
12010020010210011
1110010010000011
1001110010010012
11111110000011
111001001110012
100111001110011
10010020010012011
1001001110010011
1001201110010012
1001120010010011
1001001001110011
100100111110211
111001001120012
1001001210210012
1001110010010011
100100010210012
102111002110011
111001100010012
1001110010020012
1110020010210011
1002001110210011
10010000020010011
111001210010212
111001010010211
1001001001110011
10010010000010011
111110200010011
1001110010010011
10010010000010012
100111000110012
10010010010010011
11111001120011
10211112001111
1001001110010012
12211001110012
1000110010010012
1110010010010012
1001120010010012
1110010010010012
1201001110020012
1010010220010012
111001001001112
100111001100012
111110010010012
11110021100012
1021000002110012
10010010010010011
1002002100010012
10010010010010011
112001001120011